ORIGINAL BASIS

x_1 =
[[0 1 0 0 0]
 [0 0 0 0 0]
 [0 0 0 0 0]
 [0 0 0 0 0]
 [0 0 0 0 0]]

x_2 =
[[0 0 1 0 0]
 [0 0 0 0 0]
 [0 0 0 0 0]
 [0 0 0 0 0]
 [0 0 0 0 0]]

x_3 =
[[0 0 0 0 0]
 [0 0 0 0 1]
 [0 0 0 0 0]
 [0 0 0 0 0]
 [0 0 0 0 0]]

x_4 =
[[0 0 0 0 0]
 [0 0 0 0 0]
 [0 0 0 0 1]
 [0 0 0 0 0]
 [0 0 0 0 0]]

x_5 =
[[0 0 0 0 1]
 [0 0 0 0 0]
 [0 0 0 0 0]
 [0 0 0 0 0]
 [0 0 0 0 0]]

NO PARAMETERS 

\mathfrak{s}_{5,1}^{0,1} = np.array([
    [2, 0, 0, 0, 0],  
    [0, 1, 0, 1, 0],  
    [0, 0, 1, 0, 1],  
    [0, 0, 0, 1, 0],  
    [0, 0, 0, 0, 1], 
    ])

\mathfrak{s}_{5,1}^{0,2} = np.array([
    [2, 0, 0, 0, 0],  
    [0, 1, 1, 0, 0],  
    [0, 0, 1, 0, -1],  
    [0, 0, 0, 1, 0],  
    [0, 0, 0, -1, 1], 
    ])

\mathfrak{s}_{5,1}^{0,3} = np.array([
    [0, 0, 0, 0, 0],  
    [0, 1, 0, 0, 0],  
    [0, 0, 0, 0, 1],  
    [0, 0, 0, -1, 0],  
    [0, 0, 0, 0, 0], 
    ])

\mathfrak{s}_{5,1}^{0,4} = np.array([
    [0, 0, 0, 0, 0],  
    [0, 1, 1, 0, 0],  
    [0, 0, 1, 0, 0],  
    [0, 0, 0, 1, 0],  
    [0, 0, 0, -1, 1], 
    ])

ONE PARAMETER

\mathfrak{s}_{5,1}^{1,1,b} = np.array([
    [2, 0, 0, 0, 0],  
    [0, 1 + sp.symbols('b'), 0, 0, 0],  
    [0, 0, 1, 0, 1],  
    [0, 0, 0, 1 - sp.symbols('b'), 0],  
    [0, 0, 0, 0, 1], 
    ])

\mathfrak{s}_{5,1}^{1,2,b} = np.array([
    [2, 0, 0, 0, 0],  
    [0, 1 + sp.symbols('b'), 1, 0, 0],  
    [0, 0, 1 + sp.symbols('b'), 0, 0],  
    [0, 0, 0, 1 - sp.symbols('b'), 0],  
    [0, 0, 0, -1, 1 - sp.symbols('b')], 
    ])

Number of distinct roots over C: 2

TWO PARAMETERS

\mathfrak{s}_{5,1}^{2,1, (b,c)} = np.array([
    [0, 0, 0, 0, 0],  
    [0, sp.symbols('b'), 0, 0, 0],
    [0, 0, sp.symbols('c'), 0, 0],
    [0, 0, 0, -sp.symbols('b'), 0],
    [0, 0, 0, 0, -sp.symbols('c')]
    ])

\mathfrak{s}_{5,1}^{2,2, (b,c)} = np.array([
    [2, 0, 0, 0, 0],  
    [0, sp.symbols('b') + 1, 0, 0, 0],
    [0, 0, sp.symbols('c') + 1, 0, 0],
    [0, 0, 0, -sp.symbols('b') + 1, 0],
    [0, 0, 0, 0, -sp.symbols('c') + 1]
    ])