
# F1

e1 = np.array([
    [0, 0, 0, 0, 0],  
    [0, 1, 0, 0, 0],
    [0, 0, 0, 0, 0],
    [0, 0, 0, -1, 0],
    [0, 0, 0, 0, 0]
    ])

e2 = np.array([
    [0, 0, 0, 0, 0],  
    [0, 0, 0, 0, 0],
    [0, 0, 1, 0, 0],
    [0, 0, 0, 0, 0],
    [0, 0, 0, 0, -1]
    ])

# F3 

e1 = np.array([
    [2, 0, 0, 0, 0],  
    [0, 1, 0, 0, 0],
    [0, 0, sp.symbols('b')+1, 0, 0],
    [0, 0, 0, 1, 0],
    [0, 0, 0, 0, -sp.symbols('b')+1]
    ])

e2 = np.array([
    [0, 0, 0, 0, 0],  
    [0, 1, 0, 0, 0],
    [0, 0, sp.symbols('c'), 0, 0],
    [0, 0, 0, -1, 0],
    [0, 0, 0, 0, -sp.symbols('c')]
    ])

# F4

e1 = np.array([
    [2, 0, 0, 0, 0],  
    [0, 1, 1, 0, 0],
    [0, 0, 1, 0, 0],
    [0, 0, 0, 1, 0],
    [0, 0, 0, -1, 1]
    ])

e2 = np.array([
    [0, 0, 0, 0, 0],  
    [0, 1, 0, 0, 0],
    [0, 0, 1, 0, 0],
    [0, 0, 0, -1, 0],
    [0, 0, 0, 0, -1]
    ])

# F5

e1 = np.array([
    [2, 0, 0, 0, 0],  
    [0, 1, 0, 0, 1],
    [0, 0, 1, 1, 0],
    [0, 0, 0, 1, 0],
    [0, 0, 0, 0, 1]
    ])

e2 = np.array([
    [0, 0, 0, 0, 0],  
    [0, 1, 0, 0, 0],
    [0, 0, -1, 0, 0],
    [0, 0, 0, -1, 0],
    [0, 0, 0, 0, 1]
    ])

# F6

e1 = np.array([
    [2, 0, 0, 0, 0],
    [0, 1, 0, 0, 0],
    [0, 0, 1, 0, 1],
    [0, 0, 0, 1, 0],
    [0, 0, 0, 0, 1],
    ])

e2 = np.array([
    [0, 0, 0, 0, 0],  
    [0, 1, 0, 0, 0],
    [0, 0, 0, 0, 0],
    [0, 0, 0, -1, 0],
    [0, 0, 0, 0, 0]
    ])

# F7

e1 = np.array([
    [2, 0, 0, 0, 0],
    [0, 1-sp.symbols('b'), 0, 0, 0],
    [0, 0, 1, 0, 0],
    [0, 0, 0, 1+sp.symbols('b'), 0],
    [0, 0, 0, 0, 1],
    ])

e2 = np.array([
    [0, 0, 0, 0, 0],  
    [0, 1, 0, 0, 0],
    [0, 0, 0, 0, 1],
    [0, 0, 0, -1, 0],
    [0, 0, 0, 0, 0]
    ])

# F8 

e1 = np.array([
    [2, 0, 0, 0, 0],
    [0, sp.symbols('b')+1, 0, 0, 0],
    [0, 0, sp.symbols('b')+1, 0, 0],
    [0, 0, 0, -sp.symbols('b')+1, 0],
    [0, 0, 0, 0, -sp.symbols('b')+1],
    ])

e2 = np.array([
    [0, 0, 0, 0, 0],
    [0, 1, 0, 0, 0],
    [0, 0, 1, 0, 0],
    [0, 0, 0, -1, 0],
    [0, 0, 0, -1, -1],
    ])

EMPTY

np.array([
    [0, 0, 0, 0, 0],
    [0, 0, 0, 0, 0],
    [0, 0, 0, 0, 0],
    [0, 0, 0, 0, 0],
    [0, 0, 0, 0, 0],
    ])